 PDBe Fold v2.59. (src3) 14 Apr 2014 result file.

                   RESULT SUMMARY

   ##      Q-score      P-score     Z-score   RMSD    Nalgn Nsse Ngaps Seq-%     Nmd Nres-Q Nsse-Q Nres-T Nsse-T Query Target
    1           1       16.18       11.93     0.000    56    4    0           1    0     56      4     56      4    PDB 3tgi:I  PDB 3tgi:I
    2      0.9986       13.58        10.9     0.112    56    4    0           1    0     56      4     56      4    PDB 3tgi:I  PDB 1f7z:I
    3      0.9984       13.58        10.9     0.121    56    4    0           1    0     56      4     56      4    PDB 3tgi:I  PDB 1fy8:I
    4      0.9984       13.58        10.9     0.122    56    4    0           1    0     56      4     56      4    PDB 3tgi:I  PDB 1ykt:B
    5      0.9975       13.13       10.71     0.151    56    4    0           1    0     56      4     56      4    PDB 3tgi:I  PDB 3tgk:I
    6      0.9959       10.09       9.336     0.192    56    4    0           1    0     56      4     56      4    PDB 3tgi:I  PDB 3tgj:I
    7      0.9923       12.25       10.33     0.264    56    4    0      0.8929    0     56      4     56      4    PDB 3tgi:I  PDB 1yld:B
    8      0.9857          12       10.22     0.362    56    4    0           1    0     56      4     56      4    PDB 3tgi:I  PDB 3u1j:E
    9      0.9847       8.914       8.751     0.373    56    4    0      0.9286    0     56      4     56      4    PDB 3tgi:I  PDB 1ylc:B
   10      0.9838       11.41       9.953     0.386    56    4    0      0.9821    0     56      4     56      4    PDB 3tgi:I  PDB 1bpt:A
   11      0.9809       13.58        10.9     0.120    56    4    0           1    0     56      4     57      4    PDB 3tgi:I  PDB 1f5r:I
   12      0.9792       11.48       9.984     0.438    56    4    0           1    0     56      4     56      4    PDB 3tgi:I  PDB 3ldj:C
   13      0.9768       10.12       9.353     0.463    56    4    0           1    0     56      4     56      4    PDB 3tgi:I  PDB 3ldm:B
   14       0.975       11.63       10.05     0.480    56    4    0           1    0     56      4     56      4    PDB 3tgi:I  PDB 6pti:A
   15       0.975       10.78       9.662     0.480    56    4    0           1    0     56      4     56      4    PDB 3tgi:I  PDB 2hex:E
   16      0.9741       11.06       9.794     0.489    56    4    0           1    0     56      4     56      4    PDB 3tgi:I  PDB 1bz5:C
   17      0.9741       11.17       9.843     0.490    56    4    0           1    0     56      4     56      4    PDB 3tgi:I  PDB 2hex:B
   18      0.9736       11.01       9.771     0.494    56    4    0           1    0     56      4     56      4    PDB 3tgi:I  PDB 2hex:A
   19      0.9734       11.06       9.794     0.496    56    4    0           1    0     56      4     56      4    PDB 3tgi:I  PDB 1bz5:A
   20      0.9733       11.06       9.794     0.497    56    4    0           1    0     56      4     56      4    PDB 3tgi:I  PDB 1bz5:E
   21      0.9731       10.91       9.726     0.499    56    4    0           1    0     56      4     56      4    PDB 3tgi:I  PDB 3ldi:C
   22      0.9725       11.01       9.771     0.504    56    4    0           1    0     56      4     56      4    PDB 3tgi:I  PDB 1bz5:B
   23      0.9725       11.06       9.794     0.504    56    4    0           1    0     56      4     56      4    PDB 3tgi:I  PDB 1bz5:D
   24      0.9725       10.91       9.726     0.504    56    4    0           1    0     56      4     56      4    PDB 3tgi:I  PDB 2hex:D
   25       0.972       11.22       9.869     0.509    56    4    0        0.75    0     56      4     56      4    PDB 3tgi:I  PDB 3aud:B
   26      0.9713       9.485        9.04     0.516    56    4    0           1    0     56      4     56      4    PDB 3tgi:I  PDB 3ldm:E
   27      0.9712       10.82       9.683     0.516    56    4    0           1    0     56      4     56      4    PDB 3tgi:I  PDB 1bhc:J
   28      0.9708       10.78       9.662     0.520    56    4    0           1    0     56      4     56      4    PDB 3tgi:I  PDB 1bhc:A
   29      0.9707        8.29       8.425     0.521    56    4    0           1    0     56      4     56      4    PDB 3tgi:I  PDB 1eaw:B
   30      0.9705       10.78       9.662     0.523    56    4    0           1    0     56      4     56      4    PDB 3tgi:I  PDB 1bhc:H
   31      0.9703       10.78       9.662     0.525    56    4    0           1    0     56      4     56      4    PDB 3tgi:I  PDB 1bhc:D
   32      0.9701       10.78       9.662     0.527    56    4    0           1    0     56      4     56      4    PDB 3tgi:I  PDB 1bhc:B
   33      0.9699       9.928       9.258     0.528    56    4    0           1    0     56      4     56      4    PDB 3tgi:I  PDB 1b0c:B
   34      0.9699       10.91       9.726     0.529    56    4    0      0.6429    0     56      4     56      4    PDB 3tgi:I  PDB 5jb7:A
   35      0.9698       10.78       9.662     0.530    56    4    0           1    0     56      4     56      4    PDB 3tgi:I  PDB 1bhc:F
   36      0.9697       10.78       9.662     0.530    56    4    0           1    0     56      4     56      4    PDB 3tgi:I  PDB 1bhc:G
   37      0.9694       9.928       9.258     0.533    56    4    0           1    0     56      4     56      4    PDB 3tgi:I  PDB 1b0c:C
   38      0.9692       10.73       9.642     0.535    56    4    0           1    0     56      4     56      4    PDB 3tgi:I  PDB 1bhc:E
   39      0.9691       9.928       9.258     0.536    56    4    0           1    0     56      4     56      4    PDB 3tgi:I  PDB 1b0c:A
   40       0.969       10.73       9.642     0.536    56    4    0           1    0     56      4     56      4    PDB 3tgi:I  PDB 1bhc:C
   41       0.969       10.96       9.748     0.537    56    4    0           1    0     56      4     56      4    PDB 3tgi:I  PDB 3ldm:A
   42      0.9689       9.928       9.258     0.537    56    4    0           1    0     56      4     56      4    PDB 3tgi:I  PDB 1b0c:E
   43      0.9686       10.73       9.642     0.540    56    4    0           1    0     56      4     56      4    PDB 3tgi:I  PDB 1bhc:I
   44      0.9685       10.87       9.704     0.541    56    4    0           1    0     56      4     56      4    PDB 3tgi:I  PDB 3ldm:C
   45      0.9681       11.28       9.896     0.545    56    4    0      0.9821    0     56      4     56      4    PDB 3tgi:I  PDB 1nag:A
   46      0.9677       9.896       9.242     0.548    56    4    0           1    0     56      4     56      4    PDB 3tgi:I  PDB 1b0c:D
   47      0.9676       10.96       9.748     0.549    56    4    0           1    0     56      4     56      4    PDB 3tgi:I  PDB 3ldj:A
   48       0.967       10.96       9.748     0.554    56    4    0        0.75    0     56      4     56      4    PDB 3tgi:I  PDB 3aud:A
   49      0.9668       10.45       9.507     0.378    55    4    0           1    0     56      4     55      4    PDB 3tgi:I  PDB 4wxv:I
   50      0.9662       10.69       9.622     0.561    56    4    0        0.75    0     56      4     56      4    PDB 3tgi:I  PDB 3wny:I
   51      0.9657        11.8       10.13     0.395    56    4    0      0.9107    0     56      4     57      4    PDB 3tgi:I  PDB 2zjx:B
   52      0.9647       10.78       9.662     0.574    56    4    0      0.7321    0     56      4     56      4    PDB 3tgi:I  PDB 3ci7:B
   53      0.9642       11.63       10.05     0.413    56    4    0      0.9107    0     56      4     57      4    PDB 3tgi:I  PDB 2zvx:B
   54      0.9638       8.652       8.615     0.581    56    4    0           1    0     56      4     56      4    PDB 3tgi:I  PDB 3ldj:B
   55      0.9628       10.65       9.602     0.589    56    4    0      0.7321    0     56      4     56      4    PDB 3tgi:I  PDB 3auh:A
   56      0.9624       12.83       10.58     0.170    56    4    0           1    0     56      4     58      4    PDB 3tgi:I  PDB 3fp8:I
   57      0.9623       10.23       9.402     0.431    55    4    0           1    0     56      4     55      4    PDB 3tgi:I  PDB 4wxv:C
   58       0.962       11.28       9.896     0.438    56    4    0      0.6607    0     56      4     57      4    PDB 3tgi:I  PDB 5jb6:B
   59      0.9618       10.65       9.602     0.597    56    4    0        0.75    0     56      4     56      4    PDB 3tgi:I  PDB 3wny:A
   60      0.9618       8.675       8.628     0.598    56    4    0           1    0     56      4     56      4    PDB 3tgi:I  PDB 2ijo:I
   61      0.9617       12.83       10.58     0.189    56    4    0           1    0     56      4     58      4    PDB 3tgi:I  PDB 3fp6:I
   62      0.9595       12.59       10.48     0.238    56    4    0           1    0     56      4     58      4    PDB 3tgi:I  PDB 2r9p:I
   63      0.9591       12.25       10.33     0.244    56    4    0           1    0     56      4     58      4    PDB 3tgi:I  PDB 2r9p:F
   64      0.9591       12.25       10.33     0.245    56    4    0           1    0     56      4     58      4    PDB 3tgi:I  PDB 4dg4:C
   65       0.959       12.25       10.33     0.248    56    4    0           1    0     56      4     58      4    PDB 3tgi:I  PDB 4dg4:H
   66      0.9586       11.06       9.794     0.473    56    4    0      0.9821    0     56      4     57      4    PDB 3tgi:I  PDB 6f1f:D
   67      0.9578       12.41        10.4     0.269    56    4    0           1    0     56      4     58      4    PDB 3tgi:I  PDB 3otj:I
   68      0.9577       10.96       9.748     0.483    56    4    0      0.9821    0     56      4     57      4    PDB 3tgi:I  PDB 6f1f:E
   69       0.957       10.96       9.748     0.490    56    4    0           1    0     56      4     57      4    PDB 3tgi:I  PDB 3ldi:A
   70      0.9569          12       10.22     0.285    56    4    0           1    0     56      4     58      4    PDB 3tgi:I  PDB 4dg4:E
   71      0.9568       11.01       9.771     0.491    56    4    0      0.7321    0     56      4     57      4    PDB 3tgi:I  PDB 3aue:F
   72      0.9567       12.12       10.27     0.287    56    4    0      0.9464    0     56      4     58      4    PDB 3tgi:I  PDB 1ejm:F
   73      0.9567       11.06       9.794     0.492    56    4    0      0.9821    0     56      4     57      4    PDB 3tgi:I  PDB 6f1f:C
   74      0.9566       12.25       10.33     0.289    56    4    0           1    0     56      4     58      4    PDB 3tgi:I  PDB 1d0d:B
   75      0.9559       7.454       7.968     0.644    56    4    0           1    0     56      4     56      4    PDB 3tgi:I  PDB 1eaw:D
   76      0.9557       9.743       9.167     0.646    56    4    0      0.7321    0     56      4     56      4    PDB 3tgi:I  PDB 3auh:E
   77      0.9557       10.96       9.748     0.502    56    4    0      0.9821    0     56      4     57      4    PDB 3tgi:I  PDB 6f1f:B
   78      0.9556       11.89       10.17     0.305    56    4    0      0.9821    0     56      4     58      4    PDB 3tgi:I  PDB 9pti:A
   79      0.9555       12.25       10.33     0.307    56    4    0      0.9464    0     56      4     58      4    PDB 3tgi:I  PDB 1ejm:B
   80      0.9553          12       10.22     0.311    56    4    0      0.9821    0     56      4     58      4    PDB 3tgi:I  PDB 7qit:D
   81      0.9552          12       10.22     0.311    56    4    0      0.9464    0     56      4     58      4    PDB 3tgi:I  PDB 1ejm:D
   82      0.9552          12       10.22     0.312    56    4    0      0.9821    0     56      4     58      4    PDB 3tgi:I  PDB 7qis:D
   83      0.9551          12       10.22     0.313    56    4    0      0.9821    0     56      4     58      4    PDB 3tgi:I  PDB 7qiq:H
   84      0.9551          12       10.22     0.314    56    4    0      0.9821    0     56      4     58      4    PDB 3tgi:I  PDB 7qis:H
   85       0.955       12.12       10.27     0.314    56    4    0      0.9643    0     56      4     58      4    PDB 3tgi:I  PDB 1p2o:D
   86       0.955          12       10.22     0.314    56    4    0      0.9821    0     56      4     58      4    PDB 3tgi:I  PDB 7qiq:D
   87       0.955       11.11       9.818     0.508    56    4    0      0.9643    0     56      4     57      4    PDB 3tgi:I  PDB 1aal:B
   88      0.9549       10.57       9.563     0.652    56    4    0        0.75    0     56      4     56      4    PDB 3tgi:I  PDB 3wny:E
   89      0.9549       11.71       10.09     0.317    56    4    0           1    0     56      4     58      4    PDB 3tgi:I  PDB 2r9p:E
   90      0.9549       10.57       9.563     0.652    56    4    0        0.75    0     56      4     56      4    PDB 3tgi:I  PDB 3wny:H
   91      0.9549       9.216       8.905     0.652    56    4    0           1    0     56      4     56      4    PDB 3tgi:I  PDB 3ldm:D
   92      0.9548          12       10.22     0.317    56    4    0      0.9821    0     56      4     58      4    PDB 3tgi:I  PDB 7qit:H
   93      0.9548       9.088        8.84     0.318    56    4    0           1    0     56      4     58      4    PDB 3tgi:I  PDB 1cbw:D
   94      0.9547          12       10.22     0.319    56    4    0      0.9821    0     56      4     58      4    PDB 3tgi:I  PDB 7qir:D
   95      0.9547        11.8       10.13     0.320    56    4    0           1    0     56      4     58      4    PDB 3tgi:I  PDB 5pti:A
   96      0.9546       11.89       10.17     0.320    56    4    0           1    0     56      4     58      4    PDB 3tgi:I  PDB 1cbw:I
   97      0.9546       9.928       9.258     0.321    56    4    0           1    0     56      4     58      4    PDB 3tgi:I  PDB 1mtn:D
   98      0.9546          12       10.22     0.322    56    4    0      0.9821    0     56      4     58      4    PDB 3tgi:I  PDB 7qir:H
   99      0.9545       10.87       9.704     0.513    56    4    0      0.6786    0     56      4     57      4    PDB 3tgi:I  PDB 5jb5:A
  100      0.9543          12       10.22     0.326    56    4    0      0.9643    0     56      4     58      4    PDB 3tgi:I  PDB 1p2o:B
  101      0.9542          12       10.22     0.327    56    4    0      0.9643    0     56      4     58      4    PDB 3tgi:I  PDB 1t8m:B
  102      0.9542       11.89       10.17     0.327    56    4    0           1    0     56      4     58      4    PDB 3tgi:I  PDB 1mtn:H
  103      0.9539       10.78       9.662     0.519    56    4    0           1    0     56      4     57      4    PDB 3tgi:I  PDB 2hex:C
  104      0.9539          12       10.22     0.331    56    4    0           1    0     56      4     58      4    PDB 3tgi:I  PDB 1bpi:A
  105      0.9539          12       10.22     0.331    56    4    0      0.9643    0     56      4     58      4    PDB 3tgi:I  PDB 1t8m:D
  106      0.9538          12       10.22     0.332    56    4    0      0.9643    0     56      4     58      4    PDB 3tgi:I  PDB 1p2m:D
  107      0.9538          12       10.22     0.333    56    4    0      0.9643    0     56      4     58      4    PDB 3tgi:I  PDB 1t7c:D
  108      0.9536       9.928       9.258     0.323    55    4    0           1    0     56      4     56      4    PDB 3tgi:I  PDB 2tpi:I
  109      0.9535          12       10.22     0.337    56    4    0      0.9643    0     56      4     58      4    PDB 3tgi:I  PDB 1t7c:B
  110      0.9535          12       10.22     0.337    56    4    0      0.9643    0     56      4     58      4    PDB 3tgi:I  PDB 1p2m:B
  111      0.9532          12       10.22     0.341    56    4    0      0.9643    0     56      4     58      4    PDB 3tgi:I  PDB 1t8n:D
  112      0.9531       11.89       10.17     0.342    56    4    0      0.9643    0     56      4     58      4    PDB 3tgi:I  PDB 1p2q:D
  113      0.9531       11.89       10.17     0.342    56    4    0      0.9643    0     56      4     58      4    PDB 3tgi:I  PDB 1t8o:D
  114      0.9531       11.89       10.17     0.343    56    4    0      0.9643    0     56      4     58      4    PDB 3tgi:I  PDB 1p2n:D
  115      0.9529       9.088        8.84     0.345    56    4    0      0.9643    0     56      4     58      4    PDB 3tgi:I  PDB 1p2q:B
  116      0.9529       11.55       10.02     0.345    56    4    0      0.9643    0     56      4     58      4    PDB 3tgi:I  PDB 7pti:A
  117      0.9528       9.113       8.853     0.347    56    4    0      0.9643    0     56      4     58      4    PDB 3tgi:I  PDB 1t8n:B
  118      0.9527       9.113       8.853     0.347    56    4    0      0.9643    0     56      4     58      4    PDB 3tgi:I  PDB 1t8o:B
  119      0.9524       11.55       10.02     0.353    56    4    0      0.9821    0     56      4     58      4    PDB 3tgi:I  PDB 1fan:A
  120      0.9524       9.113       8.853     0.353    56    4    0      0.9643    0     56      4     58      4    PDB 3tgi:I  PDB 1p2n:B
  121      0.9514       10.69       9.622     0.542    56    4    0      0.9821    0     56      4     57      4    PDB 3tgi:I  PDB 6f1f:A
  122      0.9506       10.69       9.622     0.549    56    4    0           1    0     56      4     57      4    PDB 3tgi:I  PDB 3ldi:E
  123      0.9499       10.69       9.622     0.555    56    4    0      0.7321    0     56      4     57      4    PDB 3tgi:I  PDB 3auh:G
  124      0.9491       11.63       10.05     0.395    56    4    0           1    0     56      4     58      4    PDB 3tgi:I  PDB 4bnr:I
  125       0.949       10.69       9.622     0.564    56    4    0        0.75    0     56      4     57      4    PDB 3tgi:I  PDB 3wny:G
  126      0.9488       11.48       9.984     0.398    56    4    0      0.9286    0     56      4     58      4    PDB 3tgi:I  PDB 1g6x:A
  127      0.9486       10.02       9.304     0.564    55    4    0      0.8364    0     56      4     55      4    PDB 3tgi:I  PDB 1fak:I
  128      0.9482        11.8       10.13     0.405    56    4    0           1    0     56      4     58      4    PDB 3tgi:I  PDB 1tpa:I
  129      0.9482        11.8       10.13     0.406    56    4    0      0.9821    0     56      4     58      4    PDB 3tgi:I  PDB 1bti:A
  130       0.948       11.41       9.953     0.408    56    4    0           1    0     56      4     58      4    PDB 3tgi:I  PDB 4wwy:I
  131      0.9479       11.34       9.924     0.408    56    4    0           1    0     56      4     58      4    PDB 3tgi:I  PDB 1bzx:I
  132      0.9477       11.55       10.02     0.411    56    4    0      0.9643    0     56      4     58      4    PDB 3tgi:I  PDB 3p92:E
  133      0.9476       11.48       9.984     0.413    56    4    0      0.9643    0     56      4     58      4    PDB 3tgi:I  PDB 1aal:A
  134      0.9476       8.445       8.507     0.413    56    3    0           1    0     56      4     58      3    PDB 3tgi:I  PDB 2r9p:G
  135      0.9475       9.714       9.153     0.706    56    4    0        0.75    0     56      4     56      4    PDB 3tgi:I  PDB 3auc:B
  136      0.9475       11.63       10.05     0.414    56    4    0      0.9286    0     56      4     58      4    PDB 3tgi:I  PDB 1qlq:A
  137      0.9469       9.896       9.242     0.421    56    4    0           1    0     56      4     58      4    PDB 3tgi:I  PDB 1bth:P
  138      0.9469       6.893       7.647     0.411    55    4    0           1    0     56      4     56      4    PDB 3tgi:I  PDB 2kai:I
  139      0.9468        11.8       10.13     0.421    56    4    0           1    0     56      4     58      4    PDB 3tgi:I  PDB 1bth:Q
  140      0.9462       9.896       9.242     0.429    56    4    0           1    0     56      4     58      4    PDB 3tgi:I  PDB 2ptc:I
  141      0.9461        11.8       10.13     0.430    56    4    0      0.9107    0     56      4     58      4    PDB 3tgi:I  PDB 5xx2:A
  142       0.946       11.71       10.09     0.431    56    4    0      0.9107    0     56      4     58      4    PDB 3tgi:I  PDB 5xx2:B
  143      0.9459       5.813       6.991     0.587    55    3    0           1    0     56      4     55      3    PDB 3tgi:I  PDB 5yvu:I
  144      0.9459       8.699        8.64     0.587    55    4    0      0.9455    0     56      4     55      4    PDB 3tgi:I  PDB 5yw1:I
  145      0.9455       9.896       9.242     0.437    56    4    0           1    0     56      4     58      4    PDB 3tgi:I  PDB 2tgp:I
  146      0.9452       11.28       9.896     0.439    56    4    0      0.6429    0     56      4     58      4    PDB 3tgi:I  PDB 5jb7:B
  147      0.9452       11.22       9.869     0.440    56    4    0           1    0     56      4     58      4    PDB 3tgi:I  PDB 4dg4:F
  148      0.9451       9.655       9.124     0.723    56    4    0      0.7321    0     56      4     56      4    PDB 3tgi:I  PDB 3aue:G
  149      0.9447       11.28       9.896     0.446    56    4    0      0.6786    0     56      4     58      4    PDB 3tgi:I  PDB 5jb5:B
  150      0.9446       10.65       9.602     0.600    56    4    0        0.75    0     56      4     57      4    PDB 3tgi:I  PDB 3wny:B
  151      0.9446       11.22       9.869     0.447    56    4    0      0.9107    0     56      4     58      4    PDB 3tgi:I  PDB 5xx4:B
  152      0.9442       9.865       9.227     0.451    56    4    0           1    0     56      4     58      4    PDB 3tgi:I  PDB 3tpi:I
  153      0.9442       10.91       9.726     0.604    56    4    0      0.7321    0     56      4     57      4    PDB 3tgi:I  PDB 3aue:A
  154      0.9439       9.834       9.212     0.454    56    4    0      0.9821    0     56      4     58      4    PDB 3tgi:I  PDB 4tpi:I
  155      0.9437       10.41       9.489     0.456    56    4    0           1    0     56      4     58      4    PDB 3tgi:I  PDB 4wwy:C
  156      0.9437       11.55       10.02     0.456    56    4    0      0.9286    0     56      4     58      4    PDB 3tgi:I  PDB 1k6u:A
  157      0.9436       8.631       8.605     0.457    56    3    0      0.9107    0     56      4     58      3    PDB 3tgi:I  PDB 2zvx:A
  158      0.9435       11.41       9.953     0.458    56    4    0      0.9107    0     56      4     58      4    PDB 3tgi:I  PDB 5xx7:D
  159      0.9435       11.41       9.953     0.459    56    4    0      0.9107    0     56      4     58      4    PDB 3tgi:I  PDB 5xx5:B
  160      0.9433       11.41       9.953     0.460    56    4    0      0.9107    0     56      4     58      4    PDB 3tgi:I  PDB 5xx8:B
  161      0.9432       9.569       9.081     0.736    56    4    0      0.7321    0     56      4     56      4    PDB 3tgi:I  PDB 3aug:C
  162      0.9431       8.631       8.605     0.462    56    3    0      0.9107    0     56      4     58      3    PDB 3tgi:I  PDB 2zjx:A
  163      0.9427       11.41       9.953     0.466    56    4    0      0.9107    0     56      4     58      4    PDB 3tgi:I  PDB 5xx6:B
  164      0.9425       11.17       9.843     0.469    56    4    0      0.6964    0     56      4     58      4    PDB 3tgi:I  PDB 5jb4:B
  165      0.9423       11.17       9.843     0.471    56    4    0      0.9107    0     56      4     58      4    PDB 3tgi:I  PDB 5xx3:B
  166      0.9418       9.684       9.138     0.746    56    4    0        0.75    0     56      4     56      4    PDB 3tgi:I  PDB 3wny:F
  167      0.9417       11.22       9.869     0.477    56    4    0           1    0     56      4     58      4    PDB 3tgi:I  PDB 4bnr:J
  168      0.9405       9.655       9.124     0.754    56    4    0      0.7321    0     56      4     56      4    PDB 3tgi:I  PDB 3auh:C
  169      0.9394       11.06       9.794     0.500    56    4    0      0.9643    0     56      4     58      4    PDB 3tgi:I  PDB 3p95:E
  170      0.9392       11.01       9.771     0.503    56    4    0      0.9107    0     56      4     58      4    PDB 3tgi:I  PDB 5xx7:A
  171       0.939       8.533       8.553     0.504    56    3    0      0.9107    0     56      4     58      3    PDB 3tgi:I  PDB 5xx4:A
  172      0.9389       11.01       9.771     0.505    56    4    0      0.9107    0     56      4     58      4    PDB 3tgi:I  PDB 5xx6:A
  173      0.9388       8.629       8.603     0.766    56    4    0           1    0     56      4     56      5    PDB 3tgi:I  PDB 2ra3:C
  174      0.9387       10.91       9.726     0.507    56    4    0      0.6964    0     56      4     58      4    PDB 3tgi:I  PDB 5jb4:A
  175      0.9385       11.01       9.771     0.509    56    4    0      0.9107    0     56      4     58      4    PDB 3tgi:I  PDB 5xx8:A
  176      0.9384       8.533       8.553     0.510    56    3    0      0.9107    0     56      4     58      3    PDB 3tgi:I  PDB 5xx3:A
  177      0.9381       11.01       9.771     0.513    56    4    0      0.6607    0     56      4     58      4    PDB 3tgi:I  PDB 5jb6:C
  178      0.9379       11.01       9.771     0.515    56    4    0      0.6964    0     56      4     58      4    PDB 3tgi:I  PDB 5jb4:C
  179      0.9379       10.91       9.726     0.515    56    4    0      0.9107    0     56      4     58      4    PDB 3tgi:I  PDB 5xx5:A
  180      0.9379       11.01       9.771     0.515    56    4    0           1    0     56      4     58      4    PDB 3tgi:I  PDB 3ldi:D
  181      0.9378       10.87       9.704     0.515    56    4    0      0.6607    0     56      4     58      4    PDB 3tgi:I  PDB 5jb6:A
  182      0.9378       10.91       9.726     0.516    56    4    0      0.6786    0     56      4     58      4    PDB 3tgi:I  PDB 5jb5:C
  183      0.9376       11.89       10.17     0.333    56    4    0      0.9643    0     56      4     59      4    PDB 3tgi:I  PDB 1t8l:D
  184      0.9376       11.06       9.794     0.518    56    4    0           1    0     56      4     58      4    PDB 3tgi:I  PDB 4pti:A
  185      0.9371       9.113       8.853     0.340    56    4    0      0.9643    0     56      4     59      4    PDB 3tgi:I  PDB 1t8l:B
  186      0.9366       11.01       9.771     0.528    56    4    0      0.6429    0     56      4     58      4    PDB 3tgi:I  PDB 5jb7:C
  187      0.9362       10.78       9.662     0.667    56    4    0        0.75    0     56      4     57      4    PDB 3tgi:I  PDB 3aud:C
  188      0.9353       11.41       9.953     0.539    56    4    0           1    0     56      4     58      4    PDB 3tgi:I  PDB 2ra3:I
  189      0.9353       10.41       9.489     0.674    56    4    0      0.7321    0     56      4     57      4    PDB 3tgi:I  PDB 3aui:B
  190      0.9347       10.73       9.642     0.545    56    4    0           1    0     56      4     58      4    PDB 3tgi:I  PDB 3ldi:B
  191      0.9326       8.769       8.677     0.553    54    4    0           1    0     56      4     54      4    PDB 3tgi:I  PDB 3gym:J
  192      0.9325       8.746       8.664     0.554    54    4    0           1    0     56      4     54      4    PDB 3tgi:I  PDB 3gym:I
  193      0.9312       10.91       9.726     0.576    56    4    0      0.7321    0     56      4     58      4    PDB 3tgi:I  PDB 3aub:A
  194      0.9278       6.192       7.227     0.605    56    3    0      0.9821    0     56      4     58      3    PDB 3tgi:I  PDB 1jv9:A
  195      0.9266       10.78       9.662     0.615    56    4    0      0.7321    0     56      4     58      4    PDB 3tgi:I  PDB 3ci7:A
  196      0.9261       10.78       9.662     0.619    56    4    0        0.75    0     56      4     58      4    PDB 3tgi:I  PDB 3auc:A
  197      0.9255       9.684       9.138     0.745    56    4    0        0.75    0     56      4     57      4    PDB 3tgi:I  PDB 3wny:C
  198      0.9239       10.69       9.622     0.637    56    4    0      0.7321    0     56      4     58      4    PDB 3tgi:I  PDB 3aui:A
  199      0.9238       10.06        9.32     0.242    54    4    0       0.963    0     56      4     56      4    PDB 3tgi:I  PDB 3btw:I
  200      0.9236       10.02       9.304     0.247    54    4    0       0.963    0     56      4     56      4    PDB 3tgi:I  PDB 3btf:I
  201      0.9232       10.02       9.304     0.255    54    4    0       0.963    0     56      4     56      4    PDB 3tgi:I  PDB 3btm:I
  202      0.9229       10.02       9.304     0.260    54    4    0       0.963    0     56      4     56      4    PDB 3tgi:I  PDB 3bth:I
  203      0.9229       10.02       9.304     0.261    54    4    0       0.963    0     56      4     56      4    PDB 3tgi:I  PDB 3btt:I
  204      0.9223       10.02       9.304     0.271    54    4    0       0.963    0     56      4     56      4    PDB 3tgi:I  PDB 3btq:I
  205      0.9223       10.02       9.304     0.272    54    4    0       0.963    0     56      4     56      4    PDB 3tgi:I  PDB 3bte:I
  206      0.9223       9.959       9.273     0.272    54    4    0       0.963    0     56      4     56      4    PDB 3tgi:I  PDB 1p2j:I
  207      0.9222       10.02       9.304     0.274    54    4    0       0.963    0     56      4     56      4    PDB 3tgi:I  PDB 3btd:I
  208       0.922       9.991       9.289     0.276    54    4    0           1    0     56      4     56      4    PDB 3tgi:I  PDB 3btk:I
  209      0.9213       9.991       9.289     0.288    54    4    0       0.963    0     56      4     56      4    PDB 3tgi:I  PDB 3btg:I
  210      0.9205        10.3       9.436     0.882    56    4    0      0.3571    0     56      4     56      4    PDB 3tgi:I  PDB 1y62:E
  211      0.9197       10.26       9.419     0.886    56    4    0      0.4643    0     56      4     56      4    PDB 3tgi:I  PDB 5zj3:A
  212      0.9191       9.375       8.985     0.665    54    4    0       0.463    0     56      4     54      4    PDB 3tgi:I  PDB 5nx1:C
  213      0.9172       10.23       9.402     0.689    56    4    0      0.7321    0     56      4     58      4    PDB 3tgi:I  PDB 3aub:B
  214      0.9156       9.991       9.289     0.911    56    4    0      0.3393    0     56      4     56      4    PDB 3tgi:I  PDB 6yht:A
  215      0.9147       9.991       9.289     0.916    56    4    0      0.3571    0     56      4     56      4    PDB 3tgi:I  PDB 1y62:C
  216      0.9134       9.541       9.067     0.924    56    4    0      0.4643    0     56      4     56      4    PDB 3tgi:I  PDB 3d65:I
  217      0.9124       10.02       9.304     0.930    56    4    0      0.3571    0     56      4     56      4    PDB 3tgi:I  PDB 1y62:D
  218      0.9122       9.865       9.227     0.931    56    4    0      0.4643    0     56      4     56      4    PDB 3tgi:I  PDB 3uir:C
  219      0.9118       10.78       9.662     0.607    56    4    0      0.7321    0     56      4     59      4    PDB 3tgi:I  PDB 3aug:A
  220      0.9115       8.963       8.776     0.835    55    4    0      0.3818    0     56      4     55      4    PDB 3tgi:I  PDB 6bx8:B
  221      0.9106       10.23       9.402     0.940    56    4    0      0.3571    0     56      4     56      4    PDB 3tgi:I  PDB 1y62:F
  222      0.9081       9.063       8.827     0.746    54    4    0       0.463    0     56      4     54      4    PDB 3tgi:I  PDB 1taw:B
  223      0.9073       5.857       7.019     0.760    56    3    0      0.9821    0     56      4     58      3    PDB 3tgi:I  PDB 1jv8:A
  224      0.9066        7.53       8.011     0.629    53    3    0      0.4528    0     56      4     53      3    PDB 3tgi:I  PDB 5nx3:C
  225      0.9063       9.991       9.289     0.268    54    4    0      0.9815    0     56      4     57      4    PDB 3tgi:I  PDB 4y11:I
  226      0.9061       9.959       9.273     0.272    54    4    0           1    0     56      4     57      4    PDB 3tgi:I  PDB 2ftl:I
  227      0.9061       9.991       9.289     0.272    54    4    0      0.9815    0     56      4     57      4    PDB 3tgi:I  PDB 4y0z:I
  228      0.9058       9.959       9.273     0.277    54    4    0      0.9815    0     56      4     57      4    PDB 3tgi:I  PDB 7ph1:I
  229      0.9057       9.959       9.273     0.280    54    4    0      0.9815    0     56      4     57      4    PDB 3tgi:I  PDB 4y10:I
  230      0.9055       8.334       8.448     0.767    55    4    0      0.4545    0     56      4     56      4    PDB 3tgi:I  PDB 1aap:A
  231      0.9051       7.237       7.845     0.775    56    4    0           1    0     56      4     58      4    PDB 3tgi:I  PDB 1pit:A
  232      0.9047       7.778       8.148     0.245    51    3    0      0.9412    0     56      4     51      3    PDB 3tgi:I  PDB 1brb:I
  233      0.9029       9.322       8.958     0.890    56    4    0      0.7321    0     56      4     57      4    PDB 3tgi:I  PDB 3ci7:D
  234      0.9023       9.959       9.273     0.987    56    4    0      0.3571    0     56      4     56      4    PDB 3tgi:I  PDB 1y62:B
  235      0.9021       9.013       8.802     0.787    54    4    0       0.463    0     56      4     54      4    PDB 3tgi:I  PDB 1ca0:D
  236      0.9018       9.959       9.273     0.990    56    4    0      0.3571    0     56      4     56      4    PDB 3tgi:I  PDB 1y62:A
  237      0.9014       10.34       9.454     0.800    56    4    0      0.7321    0     56      4     58      4    PDB 3tgi:I  PDB 3ci7:C
  238      0.8991       8.939       8.764     0.808    54    4    0       0.463    0     56      4     54      4    PDB 3tgi:I  PDB 5c67:E
  239      0.8961       10.16       9.369     0.835    56    4    0      0.3393    0     56      4     58      4    PDB 3tgi:I  PDB 6q6c:A
  240      0.8948       10.96       9.748     0.622    56    4    0      0.7321    0     56      4     60      4    PDB 3tgi:I  PDB 3aue:B
  241      0.8938       8.514       8.543     0.943    55    4    0      0.3818    0     56      4     55      4    PDB 3tgi:I  PDB 6bx8:H
  242      0.8927       10.02       9.304     0.225    54    4    0       0.963    0     56      4     58      4    PDB 3tgi:I  PDB 1p2k:I
  243      0.8909       7.534       8.013     0.863    55    4    0      0.4545    0     56      4     56      4    PDB 3tgi:I  PDB 1aap:B
  244      0.8905       9.991       9.289     0.271    54    4    0       0.963    0     56      4     58      4    PDB 3tgi:I  PDB 1p2i:I
  245      0.8899       9.959       9.273     0.283    54    4    0           1    0     56      4     58      4    PDB 3tgi:I  PDB 4y0y:I
  246      0.8896       9.928       9.258     0.287    54    4    0      0.9815    0     56      4     58      4    PDB 3tgi:I  PDB 2fi5:I
  247      0.8894       9.928       9.258     0.290    54    4    0       0.963    0     56      4     58      4    PDB 3tgi:I  PDB 2fi3:I
  248      0.8876       9.896       9.242     0.321    54    4    0      0.9815    0     56      4     58      4    PDB 3tgi:I  PDB 2fi4:I
  249      0.8876       8.089       8.317     0.884    55    3    0      0.4545    0     56      4     56      4    PDB 3tgi:I  PDB 1brc:I
  250      0.8872       7.006       7.713     0.885    54    4    0      0.4444    0     56      4     54      4    PDB 3tgi:I  PDB 6har:E
  251       0.887       9.269       8.931     0.984    56    4    0      0.4643    0     56      4     57      4    PDB 3tgi:I  PDB 3uir:D
  252      0.8866        9.43       9.012     0.895    56    4    0      0.4286    0     56      4     58      4    PDB 3tgi:I  PDB 1tfx:D
  253      0.8864       9.242       8.918     1.074    56    4    0      0.4643    0     56      4     56      4    PDB 3tgi:I  PDB 5zj3:C
  254      0.8859       6.879       7.639     0.892    54    3    0      0.3889    0     56      4     54      4    PDB 3tgi:I  PDB 6bx8:F
  255      0.8857       10.49       9.526     0.900    56    4    0      0.4643    0     56      4     58      4    PDB 3tgi:I  PDB 5zj3:B
  256      0.8849       9.804       9.197     0.362    54    4    0      0.9815    0     56      4     58      4    PDB 3tgi:I  PDB 2ftm:B
  257      0.8847       10.57       9.563     0.907    56    4    0      0.4643    0     56      4     58      4    PDB 3tgi:I  PDB 3byb:C
  258      0.8828       7.125       7.781     0.806    53    3    0      0.4528    0     56      4     53      3    PDB 3tgi:I  PDB 5c67:C
  259      0.8827       10.12       9.353     0.919    56    4    0      0.4643    0     56      4     58      4    PDB 3tgi:I  PDB 3byb:A
  260      0.8776       7.462       7.972     0.725    53    3    1      0.4151    0     56      4     54      3    PDB 3tgi:I  PDB 4u32:X
  261      0.8759       9.139       8.866     0.744    54    4    0       0.463    0     56      4     56      4    PDB 3tgi:I  PDB 6gfi:C
  262      0.8747       8.841       8.714     0.967    56    4    0      0.4286    0     56      4     58      4    PDB 3tgi:I  PDB 1tfx:C
  263      0.8717       7.373       7.923     0.766    52    3    0      0.4615    0     56      4     52      3    PDB 3tgi:I  PDB 3l33:F
  264      0.8706       6.542        7.44     0.984    54    4    0       0.463    0     56      4     54      4    PDB 3tgi:I  PDB 1ca0:I
  265      0.8705       8.404       8.485     0.783    54    3    0       0.463    0     56      4     56      3    PDB 3tgi:I  PDB 6gfi:E
  266      0.8697       7.351        7.91     0.781    52    3    0      0.4615    0     56      4     52      3    PDB 3tgi:I  PDB 3l33:E
  267       0.868       6.145       7.198     0.823    56    3    0      0.4286    0     56      4     60      3    PDB 3tgi:I  PDB 4dtg:K
  268      0.8667       9.991       9.289     0.925    56    4    0      0.3571    0     56      4     59      4    PDB 3tgi:I  PDB 6q61:A
  269      0.8649       7.737       8.125     0.921    53    4    0      0.3962    0     56      4     53      4    PDB 3tgi:I  PDB 6bx8:D
  270      0.8604       9.928       9.258     0.873    56    4    0       0.375    0     56      4     60      4    PDB 3tgi:I  PDB 6zoi:C
  271      0.8604       7.276       7.868     1.130    56    4    0      0.4464    0     56      4     57      4    PDB 3tgi:I  PDB 5m4v:A
  272      0.8555       9.804       9.197     0.993    56    4    0       0.375    0     56      4     59      4    PDB 3tgi:I  PDB 6yhy:A
  273      0.8537       8.058       8.301     0.794    54    3    0      0.4815    0     56      4     57      3    PDB 3tgi:I  PDB 3l3t:F
  274      0.8532       9.485        9.04     1.006    56    4    0       0.375    0     56      4     59      4    PDB 3tgi:I  PDB 6yhy:B
  275      0.8531       7.028       7.725     0.892    52    3    0      0.4615    0     56      4     52      3    PDB 3tgi:I  PDB 3l33:G
  276      0.8531       10.53       9.544     0.615    56    4    0      0.7321    0     56      4     63      4    PDB 3tgi:I  PDB 3aue:H
  277      0.8529       6.825       7.607     0.893    52    3    0      0.4615    0     56      4     52      3    PDB 3tgi:I  PDB 3l33:H
  278      0.8508       9.113       8.853     1.102    56    4    0      0.4643    0     56      4     58      4    PDB 3tgi:I  PDB 3byb:B
  279      0.8488       7.309       7.886     1.106    54    3    0      0.3519    0     56      4     54      3    PDB 3tgi:I  PDB 3t62:E
  280      0.8481       9.896       9.242     0.951    56    4    0       0.375    0     56      4     60      4    PDB 3tgi:I  PDB 6zoi:A
  281      0.8471       7.885       8.207     0.840    54    3    0      0.4815    0     56      4     57      3    PDB 3tgi:I  PDB 3l3t:H
  282      0.8457       5.696       6.916     1.124    54    3    0      0.3519    0     56      4     54      3    PDB 3tgi:I  PDB 3t62:D
  283      0.8456       8.268       8.413     0.850    54    4    0      0.4815    0     56      4     57      4    PDB 3tgi:I  PDB 3l3t:E
  284       0.845       9.242       8.918     1.053    56    4    0       0.375    0     56      4     59      4    PDB 3tgi:I  PDB 6zoi:D
  285      0.8446        7.16       7.801     1.135    56    4    0      0.9464    0     56      4     58      4    PDB 3tgi:I  PDB 1ld5:A
  286       0.844       10.26       9.419     0.692    56    4    0      0.7321    0     56      4     63      4    PDB 3tgi:I  PDB 3aue:E
  287      0.8433        7.97       8.253     0.866    54    3    0       0.463    0     56      4     57      3    PDB 3tgi:I  PDB 1zjd:B
  288      0.8417       5.947       7.075     0.792    55    3    1      0.3273    0     56      4     60      4    PDB 3tgi:I  PDB 4iso:B
  289      0.8409       10.78       9.662     0.604    56    4    0      0.7321    0     56      4     64      4    PDB 3tgi:I  PDB 3aue:C
  290      0.8407       9.714       9.153     0.718    56    4    0      0.7321    0     56      4     63      5    PDB 3tgi:I  PDB 3aue:D
  291        0.84       9.684       9.138     1.000    56    4    0       0.375    0     56      4     60      4    PDB 3tgi:I  PDB 6zoi:B
  292      0.8391       9.626        9.11     1.087    56    4    0      0.3393    0     56      4     59      4    PDB 3tgi:I  PDB 6q6c:B
  293      0.8387       7.484       7.985     0.813    55    3    1      0.3273    0     56      4     60      4    PDB 3tgi:I  PDB 4isl:B
  294      0.8374       9.322       8.958     1.247    55    4    0      0.3273    0     56      4     55      4    PDB 3tgi:I  PDB 1knt:A
  295      0.8347        8.29       8.425     0.922    54    4    0      0.4815    0     56      4     57      4    PDB 3tgi:I  PDB 3l3t:G
  296      0.8333       8.675       8.628     1.039    56    4    0      0.2857    0     56      4     60      4    PDB 3tgi:I  PDB 5yv7:A
  297      0.8332       9.513       9.053     1.040    56    4    0       0.375    0     56      4     60      4    PDB 3tgi:I  PDB 6zoi:E
  298      0.8314       9.139       8.866     1.129    56    4    0      0.3571    0     56      4     59      4    PDB 3tgi:I  PDB 1dtx:A
  299      0.8304       9.541       9.067     1.056    56    4    0       0.375    0     56      4     60      4    PDB 3tgi:I  PDB 6zoi:F
  300      0.8291       6.542        7.44     1.064    56    4    0      0.2679    0     56      4     60      4    PDB 3tgi:I  PDB 6kzf:A
  301      0.8283       9.402       8.999     1.221    56    4    0      0.3214    0     56      4     58      4    PDB 3tgi:I  PDB 1kth:A
  302      0.8268       8.008       8.274     1.225    55    4    0      0.3455    0     56      4     56      4    PDB 3tgi:I  PDB 3ofw:A
  303      0.8215       7.267       7.862     1.085    53    3    0      0.3585    0     56      4     54      3    PDB 3tgi:I  PDB 3t62:F
  304      0.8135       10.69       9.622     0.729    56    4    0      0.3929    0     56      4     65      4    PDB 3tgi:I  PDB 4bqd:B
  305      0.8102       6.666       7.514     1.242    56    3    0      0.4286    0     56      4     59      3    PDB 3tgi:I  PDB 7v1n:K
  306      0.8096       6.934       7.671     0.828    55    3    1      0.3273    0     56      4     62      4    PDB 3tgi:I  PDB 4isn:B
  307      0.8077       9.242       8.918     1.174    55    4    1      0.3273    0     56      4     58      4    PDB 3tgi:I  PDB 2knt:A
  308      0.8039       6.524       7.429     1.265    54    4    0      0.3519    0     56      4     55      4    PDB 3tgi:I  PDB 1shp:A
  309      0.8038       5.397       6.722     1.183    53    3    1      0.3208    0     56      4     54      3    PDB 3tgi:I  PDB 3uou:B
  310      0.8029       7.987       8.262     1.136    56    4    0      0.3393    0     56      4     61      4    PDB 3tgi:I  PDB 3m7q:B
  311      0.8013       7.246        7.85     0.992    56    3    0      0.3929    0     56      4     63      4    PDB 3tgi:I  PDB 1zr0:B
  312      0.8001       7.417       7.947     1.029    52    3    1      0.4038    0     56      4     54      3    PDB 3tgi:I  PDB 4u30:X
  313      0.8001       7.417       7.947     1.029    52    3    1      0.4038    0     56      4     54      3    PDB 3tgi:I  PDB 4u30:Y
  314      0.7997       7.439        7.96     1.031    52    3    1      0.4038    0     56      4     54      3    PDB 3tgi:I  PDB 4u30:Z
  315      0.7997       7.439        7.96     1.031    52    3    1      0.4038    0     56      4     54      3    PDB 3tgi:I  PDB 4u30:W
  316      0.7995       7.309       7.886     1.003    56    3    0      0.3929    0     56      4     63      4    PDB 3tgi:I  PDB 1zr0:D
  317      0.7951       6.781       7.581     1.456    56    4    0      0.4107    0     56      4     57      4    PDB 3tgi:I  PDB 1dtk:A
  318      0.7909       7.696       8.103     1.273    56    4    0      0.3571    0     56      4     60      4    PDB 3tgi:I  PDB 2ca7:A
  319      0.7899       6.366       7.334     1.108    54    3    0           1    0     56      4     58      3    PDB 3tgi:I  PDB 1oa5:5
  320      0.7889       8.401       8.484     1.275    55    4    1      0.9636    0     56      4     58      4    PDB 3tgi:I  PDB 8pti:A
  321      0.7807       6.399       7.353     1.162    54    3    0           1    0     56      4     58      3    PDB 3tgi:I  PDB 1oa6:5
  322      0.7691       7.896       8.308     1.446    55    4    1      0.3818    0     56      4     57      5    PDB 3tgi:I  PDB 2m99:A
  323      0.7592       8.094        8.32     1.079    55    4    0         0.4    0     56      4     63      4    PDB 3tgi:I  PDB 5nmv:K
  324       0.753       3.011       4.944     1.259    55    3    0      0.4182    0     56      4     61      3    PDB 3tgi:I  PDB 1irh:A
  325      0.7284       3.923       5.676     0.216    41    3    1           1    0     56      4     41      3    PDB 3tgi:I  PDB 1co7:I
  326      0.7178       6.083        7.16     1.513    55    4    1      0.3455    0     56      4     60      4    PDB 3tgi:I  PDB 1dem:A
  327      0.7058       5.015        6.47     1.575    55    4    1      0.2545    0     56      4     60      4    PDB 3tgi:I  PDB 1bf0:A
  328      0.7055       6.561       7.451     1.426    53    4    1      0.3019    0     56      4     58      4    PDB 3tgi:I  PDB 1kun:A
  329      0.6977       9.139       8.866     1.481    54    4    2      0.3333    0     56      4     60      4    PDB 3tgi:I  PDB 4ntx:B
  330      0.6962       8.378       8.472     1.490    54    4    2      0.3333    0     56      4     60      4    PDB 3tgi:I  PDB 4nty:B
  331      0.6959       4.197       5.884     1.739    54    3    0           1    0     56      4     56      3    PDB 3tgi:I  PDB 1uua:A
  332      0.6941       9.466        9.03     0.228    41    3    0           1    0     56      4     43      3    PDB 3tgi:I  PDB 3fp7:J
  333      0.6907       7.009       7.714     0.730    52    3    0      0.3462    0     56      4     66      4    PDB 3tgi:I  PDB 1yc0:I
  334      0.6895       9.063       8.827     1.526    54    4    2      0.3333    0     56      4     60      4    PDB 3tgi:I  PDB 4ntw:B
  335      0.6867       8.152       8.351     1.614    55    3    1      0.3273    0     56      4     61      3    PDB 3tgi:I  PDB 1bun:B
  336      0.6787       5.544       6.819     1.837    56    4    0      0.3393    0     56      4     60      4    PDB 3tgi:I  PDB 1den:A
  337      0.6787       6.204       7.235     1.208    56    4    0      0.4286    0     56      4     71      4    PDB 3tgi:I  PDB 1adz:A
  338      0.6738        6.27       7.275     0.739    41    3    0      0.4634    0     56      4     42      3    PDB 3tgi:I  PDB 5nx1:D
  339      0.6719       8.028       8.284     0.757    41    3    0      0.4634    0     56      4     42      3    PDB 3tgi:I  PDB 5nx3:D
  340      0.6681       7.882       8.205     1.010    54    4    0      0.4074    0     56      4     70      4    PDB 3tgi:I  PDB 2ddi:A
  341      0.6668       8.115       8.331     1.312    55    4    1      0.4182    0     56      4     68      4    PDB 3tgi:I  PDB 6a5i:A
  342      0.6548       6.744        7.56     1.106    54    4    0      0.4074    0     56      4     70      4    PDB 3tgi:I  PDB 2ddj:A
  343      0.6414       4.907       6.392     1.840    54    3    1      0.4259    0     56      4     59      3    PDB 3tgi:I  PDB 2m01:A
  344      0.6344       4.933        6.41     1.726    51    3    2      0.4118    0     56      4     55      3    PDB 3tgi:I  PDB 2jot:A
  345      0.6153       4.984       6.449     1.648    54    4    2      0.4444    0     56      4     65      4    PDB 3tgi:I  PDB 1jc6:A
  346      0.5195       3.292       5.205     2.171    52    4    3      0.3269    0     56      4     61      4    PDB 3tgi:I  PDB 2kcr:A
  347      0.5126       4.828       6.337     2.011    52    3    2      0.3269    0     56      4     65      3    PDB 3tgi:I  PDB 2j6d:A
  348      0.4562       2.232       4.242     2.213    47    3    6      0.7447    0     56      4     56      3    PDB 3tgi:I  PDB 1uub:A
  349      0.4547       4.582       6.164     1.729    42    3    3      0.2857    0     56      4     52      3    PDB 3tgi:I  PDB 2uuy:B
  350      0.4472       3.614       5.434     2.272    51    3    3      0.1961    0     56      4     66      4    PDB 3tgi:I  PDB 2w8x:B
  351      0.4192       3.135       5.077     2.261    47    4    4      0.2553    0     56      4     60      5    PDB 3tgi:I  PDB 1tcp:A
  352      0.4013       2.948        4.89     2.113    43    3    3      0.2791    0     56      4     55      3    PDB 3tgi:I  PDB 2uux:A
  353      0.3798       3.952        5.85     2.565    47    4    3      0.2553    0     56      4     60      5    PDB 3tgi:I  PDB 1d0d:A
  354      0.3627       1.051       2.967     2.302    44    3    4      0.2955    0     56      4     60      3    PDB 3tgi:I  PDB 1kig:I
  355      0.3579       4.633         6.2     2.481    45    3    4      0.3111    0     56      4     60      3    PDB 3tgi:I  PDB 1tap:A
  356      0.3498       3.447         5.3     2.133    41    3    4      0.2439    0     56      4     57      3    PDB 3tgi:I  PDB 2lfk:A
  357      0.3015      0.9558       2.843     2.712    47    3    6     0.08511    0     56      4     72      4    PDB 3tgi:I  PDB 2w8x:A
  358      0.2228        2.63       4.613     1.989    32    3    3      0.1875    0     56      4     57      3    PDB 3tgi:I  PDB 2lfl:A
  359      0.2059      0.3471       2.193     2.450    31    3    4     0.03226    0     56      4     50      4    PDB 3tgi:I  PDB 6qul:H
  360      0.1768       1.114       3.043     2.631    34    3    3     0.05882    0     56      4     66      3    PDB 3tgi:I  PDB 6msi:A
  361      0.1765       1.191       3.138     2.635    34    3    2     0.05882    0     56      4     66      3    PDB 3tgi:I  PDB 4ur4:A
  362      0.1761       1.216       3.166     2.643    34    3    2     0.08824    0     56      4     66      3    PDB 3tgi:I  PDB 1b7k:A
  363      0.1739       1.844       3.857     2.681    34    3    2     0.08824    0     56      4     66      3    PDB 3tgi:I  PDB 2msj:A
  364      0.1736       1.154        3.09     2.687    34    3    2     0.05882    0     56      4     66      3    PDB 3tgi:I  PDB 5msi:A
  365      0.1734       1.177       3.119     2.689    34    3    2     0.08824    0     56      4     66      3    PDB 3tgi:I  PDB 1ame:A
  366      0.1731       1.154        3.09     2.694    34    3    2     0.08824    0     56      4     66      3    PDB 3tgi:I  PDB 1b7i:A
  367      0.1728       1.153        3.09     2.700    34    3    2     0.08824    0     56      4     66      3    PDB 3tgi:I  PDB 1ekl:A
  368      0.1727       1.137       3.071     2.702    34    3    2     0.05882    0     56      4     66      3    PDB 3tgi:I  PDB 7msi:A
  369      0.1727       1.177       3.119     2.702    34    3    2     0.08824    0     56      4     66      3    PDB 3tgi:I  PDB 2jia:A
  370      0.1725       1.853       3.866     2.705    34    3    2     0.08824    0     56      4     66      3    PDB 3tgi:I  PDB 3ame:A
  371      0.1723       1.835       3.848     2.709    34    3    2     0.08824    0     56      4     66      3    PDB 3tgi:I  PDB 1jab:A
  372      0.1722       1.129       3.062     2.710    34    3    2     0.05882    0     56      4     66      3    PDB 3tgi:I  PDB 2msi:A
  373       0.172       1.123       3.052     2.714    34    3    3     0.05882    0     56      4     66      3    PDB 3tgi:I  PDB 4msi:A
  374      0.1719       1.099       3.024     2.715    34    3    2     0.08824    0     56      4     66      3    PDB 3tgi:I  PDB 8msi:A
  375      0.1719       1.168       3.109     2.716    34    3    2     0.08824    0     56      4     66      3    PDB 3tgi:I  PDB 1msi:A
  376      0.1715    0.002822      0.5473     3.642    28    3    4     0.03571    0     56      4     33      3    PDB 3tgi:I  PDB 2mrf:A
  377      0.1714       1.107       3.034     2.724    34    3    2     0.08824    0     56      4     66      3    PDB 3tgi:I  PDB 9msi:A
  378      0.1714       1.121       3.052     2.725    34    3    3     0.08824    0     56      4     66      3    PDB 3tgi:I  PDB 8ame:A
  379      0.1708       1.153        3.09     2.735    34    3    2     0.08824    0     56      4     66      3    PDB 3tgi:I  PDB 6ame:A
  380      0.1708       1.146       3.081     2.736    34    3    2     0.08824    0     56      4     66      3    PDB 3tgi:I  PDB 4ame:A
  381      0.1703       1.138       3.071     2.743    34    3    2     0.08824    0     56      4     66      3    PDB 3tgi:I  PDB 9ame:A
  382      0.1693       1.123       3.052     2.762    34    3    2     0.05882    0     56      4     66      3    PDB 3tgi:I  PDB 3msi:A
  383      0.1689       1.123       3.052     2.768    34    3    2     0.08824    0     56      4     66      3    PDB 3tgi:I  PDB 2ame:A
  384       0.168       1.146       3.081     2.698    33    3    2     0.06061    0     56      4     64      3    PDB 3tgi:I  PDB 1ucs:A
  385      0.1678       1.046       2.957     2.788    34    3    3     0.08824    0     56      4     66      3    PDB 3tgi:I  PDB 2spg:A
  386      0.1677       1.099       3.024     2.790    34    3    2     0.08824    0     56      4     66      3    PDB 3tgi:I  PDB 7ame:A
  387      0.1657       1.154        3.09     2.693    33    3    2     0.06061    0     56      4     65      3    PDB 3tgi:I  PDB 3qf6:A
  388      0.1654        1.13       3.062     2.705    32    3    2     0.03125    0     56      4     61      3    PDB 3tgi:I  PDB 5xqr:B
  389      0.1636       1.146       3.081     2.688    32    3    2     0.03125    0     56      4     62      3    PDB 3tgi:I  PDB 5xqn:B
  390      0.1626       1.809        3.82     2.750    33    3    2     0.06061    0     56      4     65      3    PDB 3tgi:I  PDB 1gzi:A
  391      0.1606       1.313       3.279     2.695    33    3    3     0.06061    0     56      4     67      3    PDB 3tgi:I  PDB 2lx3:A
  392      0.1598        1.17       3.109     2.662    32    3    2     0.03125    0     56      4     64      4    PDB 3tgi:I  PDB 4ur6:A
  393      0.1592       1.107       3.034     2.675    32    3    2     0.03125    0     56      4     64      4    PDB 3tgi:I  PDB 5xqr:A
  394      0.1591       1.121       3.052     2.677    32    3    2     0.03125    0     56      4     64      3    PDB 3tgi:I  PDB 5xqn:A
  395      0.1551      0.3221       1.866     3.857    24    3    2     0.04167    0     56      4     25      3    PDB 3tgi:I  PDB 3vhs:A
  396      0.1546       1.114       3.043     2.716    32    3    2     0.03125    0     56      4     65      4    PDB 3tgi:I  PDB 5xqp:D
  397      0.1529     0.03009      0.9313     3.860    36    3    5     0.05556    0     56      4     57      3    PDB 3tgi:I  PDB 6fhq:B
  398      0.1528       1.137       3.071     2.706    32    3    2      0.0625    0     56      4     66      3    PDB 3tgi:I  PDB 1b7j:A
  399      0.1517     0.05621       1.095     3.534    34    3    5     0.05882    0     56      4     57      3    PDB 3tgi:I  PDB 4qf3:B
  400      0.1515        1.09       3.015     2.731    32    3    2     0.03125    0     56      4     66      4    PDB 3tgi:I  PDB 5xr0:A
  401      0.1512       1.106       3.034     2.738    32    3    3      0.0625    0     56      4     66      3    PDB 3tgi:I  PDB 7q3v:C
  402      0.1512       1.107       3.034     2.738    32    3    3      0.0625    0     56      4     66      3    PDB 3tgi:I  PDB 7q3v:D
  403      0.1512       1.083       3.005     2.738    32    3    2     0.03125    0     56      4     66      4    PDB 3tgi:I  PDB 5xqv:A
  404      0.1511       1.106       3.034     2.738    32    3    3      0.0625    0     56      4     66      3    PDB 3tgi:I  PDB 7q3v:B
  405       0.151       1.106       3.034     2.741    32    3    3      0.0625    0     56      4     66      3    PDB 3tgi:I  PDB 7q3v:A
  406      0.1492     0.04115       1.008     4.013    26    3    2      0.1538    0     56      4     29      3    PDB 3tgi:I  PDB 5ion:A
  407      0.1487     0.05318       1.076     3.827    35    3    5     0.05714    0     56      4     56      3    PDB 3tgi:I  PDB 6fi1:B
  408      0.1468     0.03556       1.283     3.998    37    3    6     0.05405    0     56      4     60      4    PDB 3tgi:I  PDB 6o7g:B
  409      0.1455      0.6408       2.409     3.083    33    3    3      0.1212    0     56      4     65      3    PDB 3tgi:I  PDB 4ny6:A
  410      0.1452     0.03055      0.9313     4.020    36    3    5     0.05556    0     56      4     57      3    PDB 3tgi:I  PDB 6fi1:A
  411      0.1434     0.02053      0.8465     4.413    36    3    5     0.05556    0     56      4     51      3    PDB 3tgi:I  PDB 4qf2:B
  412      0.1425      0.0123      0.7547     4.646    29    3    2      0.1034    0     56      4     31      3    PDB 3tgi:I  PDB 4xkl:D
  413      0.1421     0.02813      0.9123     3.858    35    3    5     0.05714    0     56      4     58      3    PDB 3tgi:I  PDB 6fhq:A
  414      0.1417     0.02051      0.8465     4.630    37    3    5     0.05405    0     56      4     51      3    PDB 3tgi:I  PDB 5t8r:B
  415      0.1404    0.004652      0.6056     4.805    29    3    2     0.06897    0     56      4     30      3    PDB 3tgi:I  PDB 4xkl:B
  416      0.1393    0.001623      0.4912     5.109    39    3    4     0.07692    0     56      4     50      3    PDB 3tgi:I  PDB 2vnf:A
  417      0.1377     0.06677       1.244     3.322    29    3    3      0.1034    0     56      4     49      4    PDB 3tgi:I  PDB 5zwn:X
  418      0.1375       0.086       1.655     3.724    30    3    3         0.1    0     56      4     46      4    PDB 3tgi:I  PDB 3wkn:F
  419      0.1373      0.6684       2.448     3.214    32    3    4     0.09375    0     56      4     62      3    PDB 3tgi:I  PDB 4ur6:B
  420       0.137      0.8462       2.699     2.858    34    3    3     0.05882    0     56      4     79      3    PDB 3tgi:I  PDB 1wvo:A
  421      0.1361    0.000693      0.4679     4.878    38    3    4      0.1053    0     56      4     52      4    PDB 3tgi:I  PDB 3o7a:A
  422      0.1344     0.03009      0.9313     4.634    29    3    2      0.1034    0     56      4     33      3    PDB 3tgi:I  PDB 2mxp:A
  423      0.1342    0.003748      0.5804     4.695    36    3    5     0.05556    0     56      4     50      3    PDB 3tgi:I  PDB 6fkp:B
  424      0.1334     0.01511      0.7911     3.625    25    3    4        0.16    0     56      4     34      3    PDB 3tgi:I  PDB 2i5o:A
  425      0.1331     0.01393      0.7729     4.210    29    3    3     0.03448    0     56      4     38      3    PDB 3tgi:I  PDB 2lo2:A
  426      0.1324       0.714       2.516     3.181    32    3    4     0.09375    0     56      4     65      4    PDB 3tgi:I  PDB 5xqp:A
  427      0.1302    0.002228       0.523     4.729    36    3    5     0.05556    0     56      4     51      3    PDB 3tgi:I  PDB 2pnx:A
  428      0.1296     0.03264      0.9503     4.307    38    3    4     0.02632    0     56      4     65      3    PDB 3tgi:I  PDB 2m85:A
  429      0.1295    0.001503      0.5392     5.128    42    3    3     0.09524    0     56      4     62      4    PDB 3tgi:I  PDB 2fui:A
  430      0.1295    0.007156      0.6658     4.748    36    3    5     0.05556    0     56      4     51      3    PDB 3tgi:I  PDB 4q6f:C
  431       0.129      0.6097        2.36     3.213    32    3    2      0.1562    0     56      4     66      3    PDB 3tgi:I  PDB 1hg7:A
  432      0.1282   0.0002314      0.3378     4.716    36    3    5     0.08333    0     56      4     52      3    PDB 3tgi:I  PDB 3c6w:C
  433       0.127     0.01201      0.7457     4.374    34    3    5           0    0     56      4     52      3    PDB 3tgi:I  PDB 6fhu:A
  434       0.126     0.01102      0.7911     5.223    42    3    3     0.07143    0     56      4     62      4    PDB 3tgi:I  PDB 2fuu:A
  435      0.1254      0.1117       1.323     4.153    26    3    2     0.03846    0     56      4     33      3    PDB 3tgi:I  PDB 2mre:B
  436      0.1241     0.03536      0.9695     4.062    32    3    3     0.03125    0     56      4     52      3    PDB 3tgi:I  PDB 6fi0:C
  437      0.1235     0.02457       0.884     3.896    24    3    3       0.125    0     56      4     31      3    PDB 3tgi:I  PDB 3wup:A
  438      0.1223      0.4733       2.525     3.989    32    3    2     0.09375    0     56      4     54      4    PDB 3tgi:I  PDB 7slw:C
  439      0.1222       1.007        2.91     2.883    31    3    4     0.06452    0     56      4     73      3    PDB 3tgi:I  PDB 3rdn:A
  440      0.1217       1.142       3.411     3.457    29    3    2     0.03448    0     56      4     53      4    PDB 3tgi:I  PDB 3dm1:E
  441      0.1205   0.0002865      0.3513     4.350    30    3    2         0.1    0     56      4     43      3    PDB 3tgi:I  PDB 2vwl:L
  442      0.1202     0.03991      0.9983     4.164    32    3    3     0.03125    0     56      4     52      3    PDB 3tgi:I  PDB 6fap:C
  443      0.1192     0.04115       1.008     4.191    32    3    3     0.03125    0     56      4     52      3    PDB 3tgi:I  PDB 4qf2:C
  444      0.1191    0.001735      0.4991     4.645    34    3    7     0.05882    0     56      4     51      3    PDB 3tgi:I  PDB 3c6w:A
  445       0.118       1.271       3.644     2.936    29    3    2     0.03448    0     56      4     65      4    PDB 3tgi:I  PDB 5dm6:3
  446      0.1172     0.04171       1.008     4.244    32    3    3     0.03125    0     56      4     52      3    PDB 3tgi:I  PDB 6fkp:C
  447      0.1171    0.001623      0.4912     4.440    30    3    2     0.06667    0     56      4     43      3    PDB 3tgi:I  PDB 2xby:L
  448      0.1171     0.08169       1.214     4.394    28    3    2      0.1071    0     56      4     38      3    PDB 3tgi:I  PDB 2nd3:A
  449      0.1169     0.06005       1.115     4.192    32    3    3     0.03125    0     56      4     53      3    PDB 3tgi:I  PDB 4q6f:D
  450      0.1164    0.001793      0.4991     4.387    30    3    3     0.03333    0     56      4     44      3    PDB 3tgi:I  PDB 2xc5:L
  451      0.1155    0.001909       0.507     4.411    30    3    2     0.06667    0     56      4     44      3    PDB 3tgi:I  PDB 2xbx:L
  452      0.1155     0.02211      0.8652     4.366    33    3    4      0.0303    0     56      4     54      3    PDB 3tgi:I  PDB 5t8r:A
  453      0.1144   0.0001634      0.9599     4.280    33    3    3      0.0303    0     56      4     56      4    PDB 3tgi:I  PDB 4q6f:A
  454      0.1143     0.07974       1.204     4.837    39    3    4           0    0     56      4     66      3    PDB 3tgi:I  PDB 2ke1:A
  455      0.1142     0.09152       1.253     4.305    30    3    5         0.1    0     56      4     46      3    PDB 3tgi:I  PDB 2eoz:A
  456      0.1139       1.208       3.485     3.246    30    3    3     0.03333    0     56      4     65      4    PDB 3tgi:I  PDB 4rau:L
  457      0.1137      0.3972       2.399     3.550    29    3    2      0.1034    0     56      4     55      4    PDB 3tgi:I  PDB 7slw:B
  458      0.1137     0.01201      0.7457     3.884    28    3    4           0    0     56      4     46      3    PDB 3tgi:I  PDB 5uz5:H
  459      0.1135    0.001521      0.4834     4.469    30    3    3         0.1    0     56      4     44      3    PDB 3tgi:I  PDB 2xc0:L
  460       0.113      0.5802       2.776     3.048    30    3    3     0.03333    0     56      4     70      4    PDB 3tgi:I  PDB 5mlc:5
  461      0.1128       0.017      0.8095     4.044    31    3    4     0.03226    0     56      4     54      3    PDB 3tgi:I  PDB 4q6f:B
  462      0.1128     0.01604      0.8003     4.563    30    3    3         0.1    0     56      4     43      3    PDB 3tgi:I  PDB 2xbv:L
  463      0.1126     0.01451       0.782     4.435    32    3    4     0.03125    0     56      4     51      3    PDB 3tgi:I  PDB 6fap:B
  464      0.1123      0.1413       1.423     4.609    39    3    5     0.07692    0     56      4     72      3    PDB 3tgi:I  PDB 1wee:A
  465      0.1115       0.393       2.005     2.918    27    3    3     0.03704    0     56      4     60      4    PDB 3tgi:I  PDB 2pk7:B
  466      0.1105    0.005298      0.6226     4.570    33    3    3      0.0303    0     56      4     53      3    PDB 3tgi:I  PDB 6fkp:A
  467      0.1094       1.224       3.504     3.321    30    3    2     0.03333    0     56      4     66      4    PDB 3tgi:I  PDB 4rau:X
  468      0.1094     0.00259      0.5392     5.323    36    3    6     0.02778    0     56      4     51      3    PDB 3tgi:I  PDB 2pnx:C
  469      0.1089        1.11       3.373     3.381    30    3    2     0.03333    0     56      4     65      4    PDB 3tgi:I  PDB 4rau:U
  470      0.1088      0.1052       1.303     4.242    26    3    2      0.1154    0     56      4     37      3    PDB 3tgi:I  PDB 2vy5:A
  471      0.1087     0.01391      0.7729     4.623    33    3    4      0.0303    0     56      4     53      3    PDB 3tgi:I  PDB 6fap:A
  472      0.1085      0.4443       2.477     3.198    31    3    3     0.03226    0     56      4     74      4    PDB 3tgi:I  PDB 2khr:A
  473      0.1084       1.394        3.69     2.890    28    3    2           0    0     56      4     67      4    PDB 3tgi:I  PDB 2sdf:A
  474      0.1079     0.04602       1.464     4.843    32    3    2      0.0625    0     56      4     47      4    PDB 3tgi:I  PDB 6vtw:A
  475      0.1075      0.9526       3.185     2.914    28    3    2           0    0     56      4     67      4    PDB 3tgi:I  PDB 1sdf:A
  476      0.1073    0.006041       1.047     4.087    29    3    2      0.1379    0     56      4     49      4    PDB 3tgi:I  PDB 1kjk:A
  477      0.1061      0.8752        3.09     2.921    27    3    2           0    0     56      4     63      4    PDB 3tgi:I  PDB 3hp3:J
  478      0.1046    0.001735      0.4991     4.204    27    3    3     0.07407    0     56      4     42      3    PDB 3tgi:I  PDB 2vwo:L
  479      0.1043      0.8157       3.015     3.307    29    3    2     0.03448    0     56      4     65      4    PDB 3tgi:I  PDB 4rau:R
  480      0.1043      0.8157       3.015     3.308    29    3    2     0.03448    0     56      4     65      4    PDB 3tgi:I  PDB 4rau:O
  481      0.1041       0.817       3.015     3.312    29    3    2     0.03448    0     56      4     65      4    PDB 3tgi:I  PDB 4rau:C
  482      0.1039      0.8078       3.005     3.320    29    3    2     0.03448    0     56      4     65      4    PDB 3tgi:I  PDB 4rau:F
  483      0.1036       1.224       3.504     3.104    29    3    2     0.06897    0     56      4     70      4    PDB 3tgi:I  PDB 2n55:A
  484      0.1035      0.5535       2.651     2.856    27    3    2     0.07407    0     56      4     66      4    PDB 3tgi:I  PDB 1xx8:A
  485      0.1032      0.6657       2.814     3.434    29    3    2     0.03448    0     56      4     63      4    PDB 3tgi:I  PDB 6ukl:B
  486      0.1028     0.04659       1.047     4.395    39    3    4     0.07692    0     56      4     84      4    PDB 3tgi:I  PDB 6mlc:A
  487      0.1026        0.48       2.535     3.288    28    3    2           0    0     56      4     62      4    PDB 3tgi:I  PDB 3hp3:B
  488      0.1025      0.5464       2.641     3.824    32    3    2     0.09375    0     56      4     68      4    PDB 3tgi:I  PDB 2kol:A
  489      0.1018      0.6608       2.805     3.429    29    3    2     0.03448    0     56      4     64      4    PDB 3tgi:I  PDB 6vri:B
  490      0.1017   2.152e-07      0.2618     4.496    31    3    2     0.09677    0     56      4     52      4    PDB 3tgi:I  PDB 2bq6:A
  491      0.1013      0.2261       1.655     4.468    36    3    3      0.1389    0     56      4     71      3    PDB 3tgi:I  PDB 1bb8:A
  492      0.1011    0.007121      0.6745     4.614    40    3    5       0.075    0     56      4     84      4    PDB 3tgi:I  PDB 6mlc:D
  493       0.101    0.007493      0.6745     4.479    26    3    2     0.03846    0     56      4     37      3    PDB 3tgi:I  PDB 2elm:A
  494      0.1006    0.008058      0.6833     4.380    30    3    2     0.06667    0     56      4     51      3    PDB 3tgi:I  PDB 1iqk:L
  495      0.1005    0.006321      0.6484     4.385    30    3    3         0.1    0     56      4     51      3    PDB 3tgi:I  PDB 1iqf:L
  496      0.1004      0.3638       2.223     3.242    29    3    2     0.03448    0     56      4     69      4    PDB 3tgi:I  PDB 4cfh:B
  497      0.1003   0.0008501        0.43     4.540    31    3    2     0.09677    0     56      4     52      3    PDB 3tgi:I  PDB 2gd4:A
  498         0.1      0.6384       2.776     3.480    29    3    2     0.03448    0     56      4     64      4    PDB 3tgi:I  PDB 7l5m:B
  499     0.09953      0.3643        2.34     3.496    29    3    4     0.03448    0     56      4     64      4    PDB 3tgi:I  PDB 3hp3:H
  500      0.0995      0.2296       2.075     4.278    37    3    2     0.05405    0     56      4     81      4    PDB 3tgi:I  PDB 3c6e:C
  501      0.0995      0.2296       2.075     4.278    37    3    2     0.05405    0     56      4     81      4    PDB 3tgi:I  PDB 5u4w:B
  502     0.09929   0.0004138      0.3791     4.221    27    3    2     0.07407    0     56      4     44      3    PDB 3tgi:I  PDB 2lo3:A
  503     0.09896      0.2089       2.025     4.295    37    3    2     0.05405    0     56      4     81      4    PDB 3tgi:I  PDB 3c5x:C
  504     0.09889      0.3691        2.35     3.281    30    3    2     0.06667    0     56      4     74      4    PDB 3tgi:I  PDB 2d9u:A
  505     0.09755     0.03556       1.283     4.940    42    3    2     0.07143    0     56      4     87      4    PDB 3tgi:I  PDB 3j80:V
  506     0.09679      0.7086       2.872     3.533    29    3    2           0    0     56      4     65      4    PDB 3tgi:I  PDB 3hp3:I
  507     0.09636     0.03977       1.313     4.982    42    3    2     0.07143    0     56      4     87      4    PDB 3tgi:I  PDB 5it9:V
  508     0.09631      0.6129       2.738     3.308    27    3    2     0.07407    0     56      4     61      4    PDB 3tgi:I  PDB 5cba:E
  509     0.09597       0.391       2.389     3.413    30    3    2     0.03333    0     56      4     73      4    PDB 3tgi:I  PDB 1ap0:A
  510     0.09585    0.001295      0.8465     4.884    34    3    3     0.05882    0     56      4     59      4    PDB 3tgi:I  PDB 5exc:E
  511     0.09583      0.6732       2.824     3.427    29    3    2     0.03448    0     56      4     68      4    PDB 3tgi:I  PDB 6vri:D
  512      0.0953      0.6189       2.747     3.650    30    3    2     0.03333    0     56      4     68      4    PDB 3tgi:I  PDB 2kee:A
  513     0.09494      0.4443       2.477     3.455    29    3    2     0.03448    0     56      4     68      4    PDB 3tgi:I  PDB 2k05:A
  514     0.09493      0.2536       1.805     3.722    27    3    2           0    0     56      4     54      4    PDB 3tgi:I  PDB 6osw:A
  515     0.09487      0.2446       2.104     3.457    29    3    2           0    0     56      4     68      4    PDB 3tgi:I  PDB 2kec:A
  516     0.09464      0.6116       2.738     3.342    28    3    3     0.03571    0     56      4     66      4    PDB 3tgi:I  PDB 4rau:I
  517     0.09432       0.277       2.174     3.883    31    3    2     0.03226    0     56      4     68      4    PDB 3tgi:I  PDB 2ked:A
  518      0.0943      0.0614       1.174     4.482    32    3    3     0.03125    0     56      4     60      4    PDB 3tgi:I  PDB 1nei:A
  519     0.09351      0.4495       2.487     3.501    29    3    2     0.03448    0     56      4     68      4    PDB 3tgi:I  PDB 2k04:A
  520     0.09338    0.004541      0.6056     4.377    30    3    3      0.1333    0     56      4     55      3    PDB 3tgi:I  PDB 1fax:L
  521     0.09287      0.1751       1.615     4.550    31    3    2     0.06452    0     56      4     56      4    PDB 3tgi:I  PDB 2ju6:X
  522     0.09235      0.2758       2.174     3.746    30    3    2     0.03333    0     56      4     68      4    PDB 3tgi:I  PDB 2k03:A
  523     0.09223   0.0009823       0.445     4.477    30    3    3      0.1333    0     56      4     54      3    PDB 3tgi:I  PDB 2gd4:L
  524     0.09175     0.01253      0.7547     4.434    30    3    2     0.03333    0     56      4     55      3    PDB 3tgi:I  PDB 1g2m:B
  525     0.09164   0.0002651      0.6921     5.236    35    3    3     0.08571    0     56      4     59      4    PDB 3tgi:I  PDB 5exc:F
  526     0.09112       0.262       2.144     3.787    30    3    2     0.03333    0     56      4     68      4    PDB 3tgi:I  PDB 2k03:C
  527     0.09111      0.5281       2.612     3.163    25    3    2           0    0     56      4     58      4    PDB 3tgi:I  PDB 4lmq:F
  528     0.08992   2.448e-05       0.523     5.435    29    3    3      0.1034    0     56      4     39      4    PDB 3tgi:I  PDB 1spw:A
  529     0.08979     0.04819       1.047     5.248    35    3    2     0.02857    0     56      4     60      3    PDB 3tgi:I  PDB 1nei:B
  530     0.08939     0.03317       1.056     4.145    31    3    3     0.03226    0     56      4     66      4    PDB 3tgi:I  PDB 6o9m:5
  531     0.08905       0.472       2.525     3.620    28    3    2           0    0     56      4     64      4    PDB 3tgi:I  PDB 3hp3:C
  532       0.089      0.2308       1.665     4.658    34    3    3     0.02941    0     56      4     68      4    PDB 3tgi:I  PDB 5l7a:C
  533     0.08854      0.1355       1.825     4.057    32    3    4      0.0625    0     56      4     73      4    PDB 3tgi:I  PDB 1dqc:A
  534     0.08829      0.1996       1.584     4.636    34    3    3     0.02941    0     56      4     69      4    PDB 3tgi:I  PDB 5l7a:D
  535      0.0882     0.01679      0.9218     5.722    42    3    3     0.04762    0     56      4     77      4    PDB 3tgi:I  PDB 1cdq:A
  536     0.08801      0.7699       2.593     2.813    26    3    2     0.03846    0     56      4     73      3    PDB 3tgi:I  PDB 1guw:A
  537     0.08728     0.06736       1.574     3.904    31    3    3           0    0     56      4     73      4    PDB 3tgi:I  PDB 2jv8:A
  538     0.08711      0.0414       1.434     3.247    25    3    4        0.04    0     56      4     59      4    PDB 3tgi:I  PDB 2yrc:A
  539     0.08683    0.002887      0.8372     4.984    32    3    3      0.0625    0     56      4     56      4    PDB 3tgi:I  PDB 2f8b:B
  540     0.08633     0.00325      0.8559     5.215    33    3    3     0.06061    0     56      4     56      4    PDB 3tgi:I  PDB 2f8b:A
  541     0.08604      0.1758       1.825     4.093    33    3    2     0.09091    0     56      4     79      4    PDB 3tgi:I  PDB 2jr1:A
  542      0.0858     0.03789       1.413     5.037    34    3    1     0.02941    0     56      4     63      4    PDB 3tgi:I  PDB 1gcc:A
  543     0.08516     0.06796       1.464     4.398    31    3    2     0.03226    0     56      4     64      4    PDB 3tgi:I  PDB 5l7a:A
  544     0.08486   3.064e-08      0.2111     5.257    36    3    6     0.02778    0     56      4     67      4    PDB 3tgi:I  PDB 2kyu:A
  545     0.08486      0.5734        2.68     3.177    25    3    2        0.04    0     56      4     62      4    PDB 3tgi:I  PDB 1sso:A
  546     0.08458     0.03543       1.393     3.914    32    3    3       0.125    0     56      4     80      4    PDB 3tgi:I  PDB 5ejw:A
  547     0.08456      0.1121       1.635     4.420    31    3    2     0.03226    0     56      4     64      4    PDB 3tgi:I  PDB 5l7a:B
  548     0.08419     0.02475      0.9887     4.541    32    3    3      0.0625    0     56      4     66      4    PDB 3tgi:I  PDB 6nmi:G
  549     0.08361     0.03009      0.9313     4.533    28    3    2     0.03571    0     56      4     51      3    PDB 3tgi:I  PDB 6fhu:B
  550     0.08357      0.1335       1.403     4.123    28    3    4     0.03571    0     56      4     58      4    PDB 3tgi:I  PDB 5yrz:B
  551     0.08238      0.1532       1.464     3.940    27    3    4     0.03704    0     56      4     58      4    PDB 3tgi:I  PDB 5yrz:D
  552     0.08205      0.9515       3.185     2.998    30    3    2     0.06667    0     56      4     98      4    PDB 3tgi:I  PDB 6ehz:A
  553     0.08193      0.2156       1.625     4.392    32    3    2     0.09375    0     56      4     71      3    PDB 3tgi:I  PDB 2bb8:A
  554     0.08141     0.02868      0.9218     4.206    26    3    3     0.03846    0     56      4     50      3    PDB 3tgi:I  PDB 6fi0:B
  555     0.08066    0.001053      0.4526     3.887    22    3    2     0.09091    0     56      4     40      3    PDB 3tgi:I  PDB 3bbg:A
  556     0.08037     0.05103       1.066     4.145    24    3    2     0.04167    0     56      4     44      3    PDB 3tgi:I  PDB 2eox:A
  557      0.0795      0.0396       1.423     4.261    30    3    1           0    0     56      4     67      4    PDB 3tgi:I  PDB 2yzt:A
  558     0.07856      0.5491       2.262     3.318    29    3    2     0.06897    0     56      4     86      4    PDB 3tgi:I  PDB 2mmv:A
  559     0.07791     0.09103       1.253     4.175    33    3    4     0.09091    0     56      4     85      4    PDB 3tgi:I  PDB 6mlc:C
  560     0.07762      0.0277       1.224     3.516    28    3    5     0.07143    0     56      4     76      4    PDB 3tgi:I  PDB 5cby:A
  561     0.07666      0.5103       2.203     3.391    29    3    2     0.06897    0     56      4     86      4    PDB 3tgi:I  PDB 2mmv:B
  562     0.07623      0.3685       1.955     3.417    31    3    4     0.06452    0     56      4     98      4    PDB 3tgi:I  PDB 6rfq:k
  563     0.07589     0.03017       1.244     3.882    29    3    5     0.06897    0     56      4     74      4    PDB 3tgi:I  PDB 3g6p:A
  564     0.07497     0.02535       1.204     4.218    30    3    5         0.1    0     56      4     72      4    PDB 3tgi:I  PDB 4ov7:E
  565     0.07497     0.02535       1.204     4.218    30    3    5         0.1    0     56      4     72      4    PDB 3tgi:I  PDB 4oor:E
  566     0.07461      0.1334       1.403     3.666    25    3    1           0    0     56      4     60      4    PDB 3tgi:I  PDB 1di2:B
  567     0.07421     0.02765       1.333     4.127    25    3    2        0.04    0     56      4     52      4    PDB 3tgi:I  PDB 6hpb:C
  568     0.07381      0.1622       1.906     3.541    30    3    2           0    0     56      4     91      4    PDB 3tgi:I  PDB 2ooy:D
  569     0.07343     0.03727       1.293     4.375    30    3    4     0.03333    0     56      4     70      4    PDB 3tgi:I  PDB 2ecn:A
  570     0.07238       0.387       1.995     4.266    28    3    2     0.07143    0     56      4     64      4    PDB 3tgi:I  PDB 6ntd:B
  571     0.07233    0.001498      0.7638     4.074    29    3    3     0.03448    0     56      4     73      4    PDB 3tgi:I  PDB 5cbx:E
  572     0.07121      0.1462       1.534     3.956    31    3    3     0.03226    0     56      4     88      4    PDB 3tgi:I  PDB 2dzj:A
  573     0.07108      0.3915       2.075     4.520    27    3    2      0.1481    0     56      4     56      4    PDB 3tgi:I  PDB 5uce:A
  574     0.07097      0.1334       1.705     4.431    31    3    2     0.03226    0     56      4     76      4    PDB 3tgi:I  PDB 5l7b:A
  575      0.0708   0.0008897      0.7098     4.098    29    3    3     0.03448    0     56      4     74      4    PDB 3tgi:I  PDB 3g6r:B
  576     0.06778    0.006866      0.9599     4.236    28    3    4     0.03571    0     56      4     69      4    PDB 3tgi:I  PDB 6cfn:H
  577     0.06733     0.04797       1.056     5.356    30    3    1     0.03333    0     56      4     57      4    PDB 3tgi:I  PDB 5k5l:F
  578     0.06677    0.005218      0.7277     5.104    31    3    3           0    0     56      4     66      4    PDB 3tgi:I  PDB 7k04:5
  579     0.06677    0.005218      0.7277     5.104    31    3    3           0    0     56      4     66      4    PDB 3tgi:I  PDB 7m2u:5
  580     0.06666    0.001495      0.7638     4.469    29    3    3     0.03448    0     56      4     70      4    PDB 3tgi:I  PDB 4ov7:B
  581     0.06666    0.001495      0.7638     4.469    29    3    3     0.03448    0     56      4     70      4    PDB 3tgi:I  PDB 4oor:B
  582     0.06612      0.1675       1.594     3.634    26    3    2     0.03846    0     56      4     74      4    PDB 3tgi:I  PDB 2f40:A
  583     0.06607    0.008058      0.6833     5.172    23    3    2     0.04348    0     56      4     36      3    PDB 3tgi:I  PDB 2lds:A
  584     0.06434   0.0006385      0.6745     4.492    29    3    3     0.03448    0     56      4     72      4    PDB 3tgi:I  PDB 3g8u:B
  585     0.06294      0.1549       1.765     4.954    34    3    2     0.08824    0     56      4     88      4    PDB 3tgi:I  PDB 6lzp:A
  586     0.06278     0.09282       1.655     4.455    26    3    2     0.07692    0     56      4     60      4    PDB 3tgi:I  PDB 7qe9:C
  587     0.06272     0.01337       1.076     5.166    34    3    2     0.02941    0     56      4     83      4    PDB 3tgi:I  PDB 6ax5:A
  588     0.06208   9.824e-05      0.6141     3.217    21    3    4           0    0     56      4     59      4    PDB 3tgi:I  PDB 2yrd:A
  589     0.06173      0.1395       1.514     4.465    34    3    3     0.05882    0     56      4    104      4    PDB 3tgi:I  PDB 1wz0:A
  590     0.06118     0.05512       1.145     4.330    26    3    3     0.03846    0     56      4     64      4    PDB 3tgi:I  PDB 1we9:A
  591     0.06078     0.02086       1.273     3.835    23    3    2     0.08696    0     56      4     59      4    PDB 3tgi:I  PDB 5exc:H
  592        0.06    0.009571      0.8187     4.362    38    3    4     0.02632    0     56      4    138      4    PDB 3tgi:I  PDB 2wsf:D
  593      0.0572     0.02636      0.9028     4.399    26    3    2      0.1154    0     56      4     67      3    PDB 3tgi:I  PDB 7nf9:A
  594      0.0572      0.1827       1.635     4.976    29    3    1     0.03448    0     56      4     70      4    PDB 3tgi:I  PDB 3zng:C
  595      0.0569     0.06647       1.145     4.636    23    3    2           0    0     56      4     49      3    PDB 3tgi:I  PDB 4dx9:w
  596     0.05575      0.6149       2.428     3.598    28    3    4     0.07143    0     56      4    103      4    PDB 3tgi:I  PDB 2n1a:A
  597     0.05407      0.1422       1.524     4.176    26    3    2           0    0     56      4     76      4    PDB 3tgi:I  PDB 7b5n:N
  598     0.05404    0.003062      0.8465     3.804    24    3    2     0.04167    0     56      4     73      4    PDB 3tgi:I  PDB 5cbz:F
  599     0.05401      0.0129       1.174     4.075    32    3    4      0.0625    0     56      4    119      4    PDB 3tgi:I  PDB 3m4o:I
  600      0.0539    0.009734       1.125     5.128    33    3    4     0.06061    0     56      4     92      4    PDB 3tgi:I  PDB 7wkc:B
  601      0.0539    0.009734       1.125     5.128    33    3    4     0.06061    0     56      4     92      4    PDB 3tgi:I  PDB 7wkc:C
  602      0.0539    0.009734       1.125     5.128    33    3    4     0.06061    0     56      4     92      4    PDB 3tgi:I  PDB 7wkc:E
  603      0.0539    0.009734       1.125     5.128    33    3    4     0.06061    0     56      4     92      4    PDB 3tgi:I  PDB 7wkc:D
  604      0.0539    0.009734       1.125     5.128    33    3    4     0.06061    0     56      4     92      4    PDB 3tgi:I  PDB 7wkc:A
  605     0.05377      0.4498       2.104     4.005    27    3    2     0.03704    0     56      4     87      4    PDB 3tgi:I  PDB 6aqr:C
  606     0.05359    0.003848      0.8746     3.829    24    3    2     0.04167    0     56      4     73      4    PDB 3tgi:I  PDB 6bse:A
  607     0.05307    0.004416      0.8934     3.817    24    3    2     0.04167    0     56      4     74      4    PDB 3tgi:I  PDB 5cbx:B
  608     0.05254    0.004662      0.9028     3.890    24    3    2     0.04167    0     56      4     73      4    PDB 3tgi:I  PDB 4ov7:A
  609     0.05254    0.004662      0.9028     3.890    24    3    2     0.04167    0     56      4     73      4    PDB 3tgi:I  PDB 4oor:A
  610      0.0511       0.203       1.896     3.652    25    3    3        0.08    0     56      4     88      4    PDB 3tgi:I  PDB 1i94:P
  611       0.051      0.3221       1.866     4.100    27    3    2     0.03704    0     56      4     89      4    PDB 3tgi:I  PDB 4zux:b
  612     0.05092     0.03558      0.9791     3.904    24    3    2      0.1667    0     56      4     75      4    PDB 3tgi:I  PDB 2d9k:A
  613     0.05045      0.1656       1.494     4.147    25    3    2           0    0     56      4     76      3    PDB 3tgi:I  PDB 5nvg:A
  614     0.05005      0.4447       2.095     4.021    27    3    2     0.03704    0     56      4     93      4    PDB 3tgi:I  PDB 3mhh:C
  615     0.05002      0.2567       1.725     3.822    26    3    2     0.03846    0     56      4     92      4    PDB 3tgi:I  PDB 4fk5:C
  616     0.04982    0.003964       0.884     4.189    24    3    2     0.04167    0     56      4     70      4    PDB 3tgi:I  PDB 4oor:F
  617     0.04982    0.003964       0.884     4.189    24    3    2     0.04167    0     56      4     70      4    PDB 3tgi:I  PDB 4ov7:F
  618     0.04967      0.2987       1.815     4.148    27    3    2     0.03704    0     56      4     90      4    PDB 3tgi:I  PDB 6t9l:M
  619     0.04943      0.3567       1.935     4.164    27    3    2     0.03704    0     56      4     90      4    PDB 3tgi:I  PDB 4zux:g
  620     0.04942    0.003513      0.5804     4.299    26    3    3     0.03846    0     56      4     80      4    PDB 3tgi:I  PDB 1tz1:A
  621     0.04924    0.002645       0.828     4.226    24    3    2     0.04167    0     56      4     70      4    PDB 3tgi:I  PDB 6cfn:G
  622     0.04922      0.2838       1.785     4.374    28    3    2     0.03571    0     56      4     91      4    PDB 3tgi:I  PDB 4n9f:W
  623     0.04919   3.448e-05      0.4679     4.211    30    3    4     0.03333    0     56      4    110      4    PDB 3tgi:I  PDB 2f3v:A
  624     0.04897    0.003443      0.8652     4.198    24    3    2     0.04167    0     56      4     71      4    PDB 3tgi:I  PDB 5emp:B
  625     0.04888      0.3931       2.005     4.258    28    3    2     0.03571    0     56      4     95      4    PDB 3tgi:I  PDB 4n9f:X
  626     0.04871    0.003175      0.5638     4.480    28    3    3      0.1071    0     56      4     89      4    PDB 3tgi:I  PDB 3m99:B
  627     0.04822      0.2683       1.836     4.302    28    3    2     0.03571    0     56      4     95      4    PDB 3tgi:I  PDB 4n9f:y
  628      0.0478    0.003062      0.8465     4.231    24    3    2     0.04167    0     56      4     72      4    PDB 3tgi:I  PDB 5cbx:A
  629     0.04776    0.003964       0.884     4.189    24    3    2     0.04167    0     56      4     73      4    PDB 3tgi:I  PDB 5e69:A
  630     0.04751    0.002268      0.8095     4.295    24    3    2     0.04167    0     56      4     71      4    PDB 3tgi:I  PDB 1lat:A
  631      0.0475     0.00334      0.8559     4.207    24    3    2     0.04167    0     56      4     73      4    PDB 3tgi:I  PDB 5cbz:A
  632      0.0468   0.0003121      0.6141     4.254    24    3    2     0.04167    0     56      4     73      4    PDB 3tgi:I  PDB 5e6a:A
  633     0.04679     0.00325      0.8559     4.211    24    3    2     0.04167    0     56      4     74      4    PDB 3tgi:I  PDB 5cbz:B
  634     0.04625    0.002887      0.8372     4.248    24    3    2     0.04167    0     56      4     74      4    PDB 3tgi:I  PDB 5cbx:F
  635     0.04616    0.005164      0.6226     4.851    29    3    2      0.1034    0     56      4     90      4    PDB 3tgi:I  PDB 4zux:W
  636     0.04531      0.3804       2.055     4.202    27    3    2     0.03704    0     56      4     97      4    PDB 3tgi:I  PDB 7shl:B
  637     0.04511       0.221       1.645     4.456    27    3    2     0.03704    0     56      4     90      4    PDB 3tgi:I  PDB 4n9f:J
  638      0.0451    0.002808      0.8372     4.244    24    3    2     0.04167    0     56      4     76      4    PDB 3tgi:I  PDB 5cbz:E
  639      0.0447   2.917e-05      0.2329     5.306    31    3    2     0.03226    0     56      4     93      4    PDB 3tgi:I  PDB 3mhs:C
  640     0.04459     0.07245       1.484     2.971    19    3    2     0.05263    0     56      4     73      4    PDB 3tgi:I  PDB 5e6d:A
  641     0.04411      0.2777       1.856     4.328    28    3    2     0.03571    0     56      4    103      4    PDB 3tgi:I  PDB 6fmi:D
  642     0.04314    0.006181      0.6484     4.495    27    3    2           0    0     56      4     93      4    PDB 3tgi:I  PDB 4zux:l
  643     0.04055    0.001348      0.4834     4.655    21    3    1     0.04762    0     56      4     57      4    PDB 3tgi:I  PDB 5aaq:A
  644     0.03984    0.000397      0.3721     4.694    30    3    3         0.1    0     56      4    117      4    PDB 3tgi:I  PDB 6tbm:O
  645      0.0373    0.001398      0.5804     4.814    28    3    4     0.03571    0     56      4    105      4    PDB 3tgi:I  PDB 6r6h:P
  646      0.0365     0.00767      0.6745     5.212    31    3    3     0.03226    0     56      4    117      4    PDB 3tgi:I  PDB 5mq4:C
  647     0.03488     0.03441      0.9695     4.611    27    3    2     0.07407    0     56      4    111      4    PDB 3tgi:I  PDB 6umg:c
  648     0.03392      0.2747       1.765     4.455    26    3    2           0    0     56      4    111      4    PDB 3tgi:I  PDB 5mq4:D
  649     0.02931     0.07331       1.174     4.677    25    3    2        0.08    0     56      4    111      4    PDB 3tgi:I  PDB 5mq4:B
  650     0.02929     0.07073       1.164     4.680    25    3    2        0.08    0     56      4    111      4    PDB 3tgi:I  PDB 5mq4:E
  651     0.02906     0.06891       1.154     4.705    25    3    2        0.08    0     56      4    111      4    PDB 3tgi:I  PDB 5mq4:F
  652     0.02612   5.606e-09      0.1755     4.629    19    3    3      0.1053    0     56      4     73      4    PDB 3tgi:I  PDB 6x6e:A
